0.29999999999999999	0.36016190476190474
0.31	0.37268476190476191
0.32000000000000001	0.38520761904761908
0.33000000000000002	0.39773047619047625
0.34000000000000002	0.41025333333333341
0.34999999999999998	0.41829
0.35999999999999999	0.44201000000000001
0.37	0.45523999999999998
0.38	0.45151000000000002
0.39000000000000001	0.46387
0.40000000000000002	0.49358000000000002
0.40999999999999998	0.50480999999999998
0.41999999999999998	0.50466
0.42999999999999999	0.51451000000000002
0.44	0.5222
0.45000000000000001	0.52829000000000004
0.46000000000000002	0.54061999999999999
0.46999999999999997	0.55042000000000002
0.47999999999999998	0.55610000000000004
0.48999999999999999	0.56188000000000005
0.5	0.56969999999999998
0.51000000000000001	0.57618000000000003
0.52000000000000002	0.58230999999999999
0.53000000000000003	0.58875999999999995
0.54000000000000004	0.59469000000000005
0.55000000000000004	0.60307999999999995
0.56000000000000005	0.61092000000000002
0.56999999999999995	0.62061999999999995
0.57999999999999996	0.62985000000000002
0.58999999999999997	0.63880000000000003
0.59999999999999998	0.64571000000000001
0.60999999999999999	0.65093000000000001
0.62	0.65486999999999995
0.63	0.65825
0.64000000000000001	0.66142000000000001
0.65000000000000002	0.66386999999999996
0.66000000000000003	0.66740999999999995
0.67000000000000004	0.67061999999999999
0.68000000000000005	0.67418999999999996
0.68999999999999995	0.67644000000000004
0.69999999999999996	0.67998999999999998
0.70999999999999996	0.68323999999999996
0.71999999999999997	0.68606
0.72999999999999998	0.68827000000000005
0.73999999999999999	0.69057000000000002
0.75	0.69291999999999998
0.76000000000000001	0.69347999999999999
0.77000000000000002	0.69542000000000004
0.78000000000000003	0.69567999999999997
0.79000000000000004	0.69589999999999996
0.80000000000000004	0.69703000000000004
0.81000000000000005	0.69555
0.81999999999999995	0.69420999999999999
0.82999999999999996	0.69257000000000002
0.83999999999999997	0.69164000000000003
0.84999999999999998	0.69028
0.85999999999999999	0.68874000000000002
0.87	0.68683000000000005
0.88	0.68598999999999999
0.89000000000000001	0.68496000000000001
0.90000000000000002	0.68296000000000001
0.91000000000000003	0.68069000000000002
0.92000000000000004	0.67822000000000005
0.93000000000000005	0.67710999999999999
0.93999999999999995	0.67484
0.94999999999999996	0.67581000000000002
0.95999999999999996	0.67276999999999998
0.96999999999999997	0.67149000000000003
0.97999999999999998	0.66737000000000002
0.98999999999999999	0.66454999999999997
1.0	0.66102000000000005
1.01	0.65720999999999996
1.02	0.65219000000000005
1.03	0.64802999999999999
1.04	0.64248000000000005
1.05	0.63817999999999997
1.0600000000000001	0.63288999999999995
1.0700000000000001	0.62751000000000001
1.0800000000000001	0.62194000000000005
1.0900000000000001	0.61639999999999995
1.1000000000000001	0.60968999999999995
1.1100000000000001	0.60453000000000001
1.1200000000000001	0.59977000000000003
1.1299999999999999	0.59499999999999997
1.1399999999999999	0.58992999999999995
1.1499999999999999	0.58530000000000004
1.1599999999999999	0.58037000000000005
1.1699999999999999	0.57743
1.1799999999999999	0.57265999999999995
1.1899999999999999	0.56982999999999995
1.2	0.56801999999999997
1.21	0.56533
1.22	0.56291999999999998
1.23	0.56079000000000001
1.24	0.56030000000000002
1.25	0.55879999999999996
1.26	0.55672999999999995
1.27	0.55672999999999995
1.28	0.55693000000000004
1.29	0.55708999999999997
1.3	0.55749000000000004
1.3100000000000001	0.55911
1.3200000000000001	0.56054000000000004
1.3300000000000001	0.56120000000000003
1.3400000000000001	0.56223999999999996
1.3500000000000001	0.56469999999999998
1.3600000000000001	0.56789000000000001
1.3700000000000001	0.56838999999999995
1.3799999999999999	0.56979000000000002
1.3899999999999999	0.57064000000000004
1.3999999999999999	0.57089999999999996
1.4099999999999999	0.57050000000000001
1.4199999999999999	0.57089000000000001
1.4299999999999999	0.57265999999999995
1.4399999999999999	0.57326999999999995
1.45	0.57670999999999994
1.46	0.57974000000000003
1.47	0.58394000000000001
1.48	0.58740000000000003
1.49	0.59309000000000001
1.5	0.59823000000000004
1.51	0.60250000000000004
1.52	0.60665000000000002
1.53	0.61068999999999996
1.54	0.61297000000000001
1.55	0.61719000000000002
1.5600000000000001	0.61914999999999998
1.5700000000000001	0.62173
1.5800000000000001	0.62414000000000003
1.5900000000000001	0.62605
1.6000000000000001	0.62902999999999998
1.6100000000000001	0.63075000000000003
1.6200000000000001	0.63258000000000003
1.6299999999999999	0.63383
1.6399999999999999	0.63607000000000002
1.6499999999999999	0.63917999999999997
1.6599999999999999	0.64012000000000002
1.6699999999999999	0.64303999999999994
1.6799999999999999	0.64617999999999998
1.6899999999999999	0.64695999999999998
1.7	0.64919000000000004
1.71	0.64922999999999997
1.72	0.65046000000000004
1.73	0.65024999999999999
1.74	0.64961000000000002
1.75	0.65029000000000003
1.76	0.64998
1.77	0.65100000000000002
1.78	0.65383000000000002
1.79	0.65490999999999999
1.8	0.65558000000000005
1.8100000000000001	0.65625999999999995
1.8200000000000001	0.65636000000000005
1.8300000000000001	0.65705000000000002
1.8400000000000001	0.65664
1.8500000000000001	0.65571000000000002
1.8600000000000001	0.65342999999999996
1.8700000000000001	0.64732000000000001
1.8799999999999999	0.63656000000000001
1.8899999999999999	0.61428000000000005
1.8999999999999999	0.58326999999999996
1.9099999999999999	0.55369000000000002
1.9199999999999999	0.52905000000000002
1.9299999999999999	0.50758000000000003
1.9399999999999999	0.49520999999999998
1.95	0.49926999999999999
1.96	0.50868000000000002
1.97	0.51461999999999997
1.98	0.52300999999999997
1.99	0.53463000000000005
2.0	0.54862999999999995
2.0099999999999998	0.56145
2.02	0.57225999999999999
2.0299999999999998	0.57920000000000005
2.04	0.58487
2.0499999999999998	0.59011000000000002
2.0600000000000001	0.59370999999999996
2.0699999999999998	0.60007999999999995
2.0800000000000001	0.60558999999999996
2.0899999999999999	0.61014000000000002
2.1000000000000001	0.61426000000000003
2.1099999999999999	0.61811000000000005
2.1200000000000001	0.62231000000000003
2.1299999999999999	0.62555000000000005
2.1400000000000001	0.62692999999999999
2.1499999999999999	0.62931999999999999
2.1600000000000001	0.62951999999999997
2.1699999999999999	0.63163000000000002
2.1800000000000002	0.63363000000000003
2.1899999999999999	0.63619000000000003
2.2000000000000002	0.63907999999999998
2.21	0.64195000000000002
2.2200000000000002	0.64568999999999999
2.23	0.6472
2.2400000000000002	0.64764999999999995
2.25	0.64925999999999995
2.2599999999999998	0.65090000000000003
2.27	0.65293000000000001
2.2799999999999998	0.65264999999999995
2.29	0.64937999999999996
2.2999999999999998	0.64781999999999995
2.3100000000000001	0.64376
2.3199999999999998	0.64110999999999996
2.3300000000000001	0.63571999999999995
2.3399999999999999	0.63290999999999997
2.3500000000000001	0.62673000000000001
2.3599999999999999	0.61853000000000002
2.3700000000000001	0.60919999999999996
2.3799999999999999	0.59675999999999996
2.3900000000000001	0.58433000000000002
2.3999999999999999	0.57145000000000001
2.4100000000000001	0.55830999999999997
2.4199999999999999	0.54786999999999997
2.4300000000000002	0.54147999999999996
2.4399999999999999	0.53725999999999996